1 1392773 4
2 1990901 5
3 765331 3
4 1987434 4
5 2193455 4
6 1468812 4
7 41412 4
8 2400678 4
9 160977 4
10 765331 4
11 339448 3
12 577397 5
13 2615678 5
14 1276913 5
15 1663216 4
16 2196868 5
17 1744889 1
18 2569320 3
19 1174530 4
20 765331 3
21 948367 3
22 339448 4
23 1778851 5
24 1008399 4
25 542786 4
26 2639583 3
27 2433426 4
28 948367 5
29 488477 3
30 765331 4
31 308495 5
32 305151 4
33 339448 4
34 557167 4
35 1296163 3
36 951709 5
37 1294425 4
38 948367 5
39 889439 5
40 765331 3
41 1227848 5
42 2241806 4
43 923325 4
44 339448 4
45 698478 4
46 1640419 3
47 2503129 4
48 948367 4
49 1048199 4
50 765331 4
51 1421919 3
52 759018 4
53 1780909 3
54 1022388 3
55 339448 2
56 1373140 4
57 247794 4
58 948367 3
59 649770 4
60 765331 4
61 2220742 3
62 70976 3
63 906893 3
64 2218269 5
65 931626 3
66 339448 3
67 1174811 4
68 948367 4
69 741479 2
70 765331 4
71 1120091 4
72 461110 4
73 2155333 4
74 497196 3
75 765331 4
1 2031699 3
2 948367 5
3 765331 4
4 2158667 2
5 705603 5
6 2516053 5
7 1033971 4
8 837413 4
9 622194 5
10 2468443 3
11 339448 3
12 858362 4
13 781833 4
14 948367 3
15 2209044 4
16 41412 5
17 2571254 2
18 2468443 4
19 1323338 3
20 1567095 3
21 723011 4
22 339448 5
23 819870 5
24 948367 4
25 513841 4
26 2586623 4
27 401290 5
28 2061241 3
29 2636158 4
30 1646405 4
31 914508 3
32 41412 4
33 339448 4
34 885635 5
35 476805 3
36 855860 5
37 2081171 3
38 2534672 3
39 567279 4
40 214166 4
41 184311 5
42 2535052 3
43 2114550 3
44 948367 3
45 1129423 4
46 1501288 4
47 15191 4
48 41412 3
49 860599 4
50 1376696 5
51 1593530 5
52 704862 3
53 1219206 3
54 41412 5
55 92056 4
56 2231930 3
57 218097 4
58 2161899 2
59 1574266 3
60 827380 3
61 2625420 2
62 2127722 5
63 2468443 2
64 2204961 4
65 41412 4
66 1112372 4
67 1606064 2
68 2542255 3
69 331157 5
70 2482518 3
71 2468443 4
72 984874 4
73 209200 5
74 141839 2
75 285547 3
1 1248029 2
2 255357 3
3 41412 4
4 2340465 4
5 326810 3
6 346189 3
7 2468443 5
8 652121 4
9 91007 3
10 2138987 2
11 844049 3
12 41412 5
13 2197373 5
14 851262 4
15 41412 4
16 2105990 4
17 1840783 5
18 401290 2
19 1977128 4
20 908205 4
21 1348118 4
22 1875019 3
23 1204327 2
24 2567172 4
25 499956 3
26 680576 5
27 740716 4
28 2084362 4
29 482692 4
30 12876 5
31 1917657 4
32 380963 4
33 331341 4
34 41412 4
35 2468443 4
36 1981733 3
37 2023962 2
38 2330735 3
39 41412 3
40 1812682 3
41 2260788 4
42 619705 5
43 2064672 4
44 2151618 5
45 2133463 3
46 2468443 5
47 83540 5
48 1620735 3
49 2030564 3
50 1854947 3
51 1794366 3
52 1626539 3
53 957447 4
54 1564243 5
55 2403601 3
56 307505 5
57 1276473 4
58 528423 5
59 2468443 3
60 1291272 4
61 2551641 4
62 2096652 5
63 1424281 5
64 401290 3
65 71148 3
66 1928412 4
67 772278 5
68 1025642 3
69 2256674 4
70 928691 3
71 1393236 5
72 936290 5
73 900357 3
74 2468443 5
75 2174771 5
1 1567051 3
2 2516004 4
3 2504147 2
4 1148490 5
5 1951605 2
6 1363333 5
7 1654137 4
8 252207 4
9 2468443 3
10 1861514 3
11 13620 5
12 2598622 4
13 1310250 3
14 1546535 3
15 361407 3
16 401290 2
17 915844 4
18 2645579 4
19 2012897 5
20 2431350 3
21 2459804 4
22 2036662 2
23 827096 5
24 1429041 3
25 1712417 5
26 2439795 3
27 462231 4
28 452192 4
29 665030 4
30 61863 3
31 298900 3
32 1603214 5
33 318920 4
34 459486 3
35 1254903 3
36 1286051 4
37 2025375 2
38 2331306 2
39 381326 3
40 2053064 3
41 2257979 5
42 489962 4
43 50259 1
44 1454357 3
45 2611449 4
46 273630 3
47 2640626 4
48 958382 3
49 2152097 5
50 1910767 5
51 1140048 5
52 360830 3
53 164532 4
54 942215 5
55 535268 4
56 797384 4
57 967937 5
58 1984086 5
59 1158424 2
60 2628763 4
61 2048785 3
62 918897 5
63 845136 3
64 1481142 5
65 1832225 3
66 2584690 4
67 231489 5
68 425166 3
69 1512054 4
70 122188 3
71 2360767 5
72 2424911 5
73 935820 4
74 914059 3
75 2438169 4
1 2285713 5
2 2563204 3
3 538483 5
4 2192892 4
5 1910699 5
6 1992922 4
7 2235414 3
8 575786 1
9 250927 4
10 241801 4
11 2091892 3
12 2643082 3
13 401290 4
14 931327 4
15 638998 3
16 2533515 5
17 1333 2
18 2059716 3
19 1998055 2
20 1456522 3
21 2530840 2
22 401290 4
23 1007809 5
24 2541531 3
25 806013 4
26 754349 4
27 1857979 4
28 1886379 4
29 52540 4
30 317108 5
31 1110296 3
32 571280 5
33 16386 4
34 683427 5
35 401290 4
36 419330 5
37 439978 5
38 1496187 5
39 2168178 3
40 982888 4
41 372233 4
42 201303 4
43 1113647 1
44 1807821 3
45 793754 5
46 1838886 3
47 2217731 5
48 401290 5
49 1877623 4
50 2620590 4
51 408459 3
52 2631649 3
53 20918 2
54 1519073 3
55 2123669 3
56 837993 5
57 1277391 5
58 126877 4
59 2542131 5
60 327179 5
61 2400183 4
62 915571 4
63 637282 4
64 1792108 3
65 2503255 4
66 2068869 3
67 870391 3
68 1946921 3
69 491329 2
70 2219523 4
71 1761255 2
72 2402990 4
73 694422 5
74 781949 3
75 2125035 4
1 200255 4
2 333277 4
3 690505 4
4 2325270 4
5 676278 3
6 1964248 5
7 1502196 3
8 2543231 5
9 1424751 4
10 827257 4
11 1495055 4
12 1245640 5
13 1177218 3
14 1303007 5
15 1495252 4
16 1146375 4
17 1183357 2
18 2160787 4
19 774717 3
20 1781408 4
21 750379 4
22 1926450 4
23 2319023 4
24 1260217 5
25 1718242 4
26 1186073 3
27 2332556 5
28 175865 1
29 212729 4
30 1125890 3
31 2264352 5
32 1771587 5
33 1348148 2
34 1713873 5
35 2617911 3
36 2416619 3
37 2315741 4
38 1470317 5
39 287439 4
40 315484 4
41 1439097 5
42 2494633 3
43 741351 3
44 245808 4
45 112320 5
46 402377 3
47 4409 5
48 2211487 4
49 826409 3
50 1176077 5
51 2358256 3
52 2028581 4
53 1155253 5
54 2050389 5
55 1030733 5
56 182031 4
57 235253 3
58 2259279 5
59 437680 1
60 1955706 3
61 1896369 4
62 2595888 5
63 185509 5
64 2646712 5
65 308031 4
66 2048686 5
67 2554745 3
68 1903175 3
69 1813114 3
70 2091752 2
71 1343332 4
72 1922155 3
73 53521 4
74 2169283 5
75 543825 3
1 10273 3
2 1673185 3
3 245884 4
4 1355097 2
5 300146 4
6 1273429 4
7 1794933 1
8 1572469 4
9 806909 4
10 2387904 3
11 1515591 3
12 601955 2
13 1181550 5
14 2135792 4
15 1783036 5
16 310799 5
17 1227322 2
18 290916 3
19 2465894 4
20 1955367 4
21 415580 4
22 2479960 5
23 2488156 4
24 1109861 3
25 75214 4
26 1658806 3
27 2491620 4
28 2440674 5
29 230393 4
30 654043 3
31 651376 3
32 1579747 3
33 86365 5
34 1279939 5
35 668236 4
36 786360 4
37 2069036 5
38 249445 4
39 2041435 5
40 2569684 1
41 2478777 3
42 2192190 4
43 35511 3
44 1774516 3
45 1094578 5
46 2023030 4
47 798852 3
48 930710 3
49 993568 1
50 1594839 4
51 1842709 4
52 2602249 3
53 2555272 5
54 968447 4
55 594259 4
56 1473924 4
57 1580481 4
58 987066 3
59 337541 4
60 486507 1
61 2604824 4
62 1614266 4
63 404652 5
64 2432862 5
65 2015597 3
66 2252223 3
67 1220170 3
68 317168 3
69 737758 5
70 798524 3
71 148550 2
72 371300 4
73 2247811 4
74 2229308 5
75 1107022 3
1 738657 4
2 1314890 4
3 1599855 4
4 1348335 4
5 43530 4
6 1521508 5
7 822173 4
8 1253980 4
9 848091 4
10 1453873 5
11 2330762 4
12 1603364 4
13 446309 4
14 561733 4
15 266808 3
16 682093 4
17 950189 3
18 390445 5
19 1187949 3
20 366695 3
21 1805888 3
22 2250552 4
23 43064 5
24 564748 5
25 700939 3
26 1701487 4
27 1434637 4
28 324403 5
29 1036823 3
30 1597861 5
31 530670 2
32 2289283 3
33 1135038 3
34 1340285 5
35 843201 2
36 2553247 4
37 699662 3
38 2488386 4
39 1366054 5
40 471414 3
41 1599875 4
42 178113 5
43 1792621 3
44 2630072 3
45 1325876 4
46 2103907 3
47 2241486 5
48 1735228 4
49 652797 3
50 2493903 1
51 2366006 4
52 642060 4
53 897692 4
54 1033629 5
55 1764247 3
56 2388205 4
57 588953 5
58 490992 5
59 831920 5
60 1818524 3
61 49892 5
62 2073205 3
63 2461508 5
64 788182 4
65 1314463 4
66 339448 3
